1536 3128 -1.751726
1476 2106 -1.627438
1478 1101 -1.662860
2519 1056 -0.018108
3489 1070 0.008511
3510 1071 -0.054356
3516 1070 -0.056343
4534 1090 -0.067918
4522 1090 -0.098210
5498 1114 0.308519
5508 1117 0.298581
5499 2070 1.720400
5495 2090 1.721958
5482 3083 1.492825
5482 3090 1.492051
5484 3130 1.499650
5503 4127 1.526218
5500 4083 1.525182
5501 4092 1.483107
5488 5085 1.623152
5487 5088 1.615922
5488 5083 1.630240
5486 5106 1.706264
4479 5077 3.101455
4481 5082 3.118901
3474 5132 3.060703
3452 5134 2.988861
2490 5115 -3.141230
1495 5119 2.975346
1475 4108 -1.361249
1482 4091 -1.499488